pdb_id,species,receptor_chain,residue_number_human,residue_name,partner_type,partner_chain,partner_residue_number,partner_residue_name,partner_residue_number_sc,partner_residue_name_sc,distance_angstrom,distance_sidechain_angstrom,shell
9PXW,human,R,68,ILE,galpha,A,354,PHE,354,PHE,43.09,46.058,none
9PXW,human,R,69,THR,galpha,A,354,PHE,354,PHE,40.018,41.26,none
9PXW,human,R,70,ALA,galpha,A,354,PHE,354,PHE,41.736,43.385,none
9PXW,human,R,71,ILE,galpha,A,354,PHE,354,PHE,42.367,45.038,none
9PXW,human,R,72,THR,galpha,A,354,PHE,354,PHE,38.609,41.18,none
9PXW,human,R,73,ILE,galpha,A,354,PHE,354,PHE,36.021,36.235,none
9PXW,human,R,74,MET,galpha,A,354,PHE,354,PHE,36.695,39.679,none
9PXW,human,R,75,ALA,galpha,A,354,PHE,354,PHE,34.981,37.698,none
9PXW,human,R,76,LEU,galpha,A,354,PHE,354,PHE,31.928,33.291,none
9PXW,human,R,77,TYR,galpha,A,354,PHE,354,PHE,32.286,33.39,none
9PXW,human,R,78,SER,galpha,A,354,PHE,354,PHE,33.198,36.289,none
9PXW,human,R,79,ILE,galpha,A,354,PHE,354,PHE,30.479,32.402,none
9PXW,human,R,80,VAL,galpha,A,354,PHE,354,PHE,27.555,27.991,none
9PXW,human,R,81,CYS,galpha,A,354,PHE,354,PHE,29.974,32.169,none
9PXW,human,R,82,VAL,galpha,A,354,PHE,354,PHE,30.118,32.731,none
9PXW,human,R,83,VAL,galpha,A,354,PHE,354,PHE,26.326,26.326,none
9PXW,human,R,84,GLY,galpha,A,354,PHE,354,PHE,26.073,26.753,none
9PXW,human,R,85,LEU,galpha,A,354,PHE,354,PHE,28.145,30.961,none
9PXW,human,R,86,PHE,galpha,A,354,PHE,354,PHE,27.402,27.402,none
9PXW,human,R,87,GLY,galpha,A,354,PHE,354,PHE,24.307,24.679,none
9PXW,human,R,88,ASN,galpha,A,354,PHE,354,PHE,23.279,24.135,none
9PXW,human,R,89,PHE,galpha,A,354,PHE,354,PHE,27.186,29.915,none
9PXW,human,R,90,LEU,galpha,A,354,PHE,354,PHE,25.476,26.053,none
9PXW,human,R,91,VAL,galpha,A,354,PHE,354,PHE,21.691,22.026,none
9PXW,human,R,92,MET,galpha,A,354,PHE,354,PHE,25.317,26.776,none
9PXW,human,R,93,TYR,galpha,A,354,PHE,354,PHE,27.275,28.815,none
9PXW,human,R,94,VAL,galpha,A,354,PHE,354,PHE,23.403,23.403,none
9PXW,human,R,95,ILE,galpha,A,354,PHE,354,PHE,22.11,22.417,none
9PXW,human,R,96,VAL,galpha,A,5,LEU,5,LEU,25.711,25.711,none
9PXW,human,R,97,ARG,galpha,A,5,LEU,5,LEU,21.672,21.672,none
9PXW,human,R,98,TYR,galpha,A,257,LYS,257,LYS,24.565,24.819,none
9PXW,human,R,99,THR,galpha,A,257,LYS,257,LYS,20.82,20.82,none
9PXW,human,R,100,LYS,galpha,A,257,LYS,257,LYS,17.09,17.09,none
9PXW,human,R,101,MET,galpha,A,354,PHE,354,PHE,20.332,20.332,none
9PXW,human,R,102,LYS,galpha,A,24,ARG,5,LEU,18.477,18.776,none
9PXW,human,R,103,THR,galpha,A,24,ARG,24,ARG,15.874,15.874,none
9PXW,human,R,104,ALA,galpha,A,24,ARG,24,ARG,15.818,15.818,none
9PXW,human,R,105,THR,galpha,A,354,PHE,354,PHE,13.816,14.887,none
9PXW,human,R,106,ASN,galpha,A,354,PHE,354,PHE,17.096,18.547,none
9PXW,human,R,107,ILE,galpha,A,17,LYS,17,LYS,19.489,19.489,none
9PXW,human,R,108,TYR,galpha,A,354,PHE,24,ARG,17.467,18.025,none
9PXW,human,R,109,ILE,galpha,A,354,PHE,354,PHE,14.813,15.456,none
9PXW,human,R,110,PHE,galpha,A,354,PHE,354,PHE,20.34,23.282,none
9PXW,human,R,111,ASN,galpha,A,354,PHE,354,PHE,22.038,23.933,none
9PXW,human,R,112,LEU,galpha,A,354,PHE,354,PHE,17.273,18.743,none
9PXW,human,R,113,ALA,galpha,A,354,PHE,354,PHE,21.579,22.978,none
9PXW,human,R,114,LEU,galpha,A,354,PHE,5,LEU,24.367,26.626,none
9PXW,human,R,115,ALA,galpha,A,354,PHE,354,PHE,24.441,26.057,none
9PXW,human,R,116,ASP,galpha,A,354,PHE,354,PHE,20.933,22.17,none
9PXW,human,R,117,ALA,galpha,A,354,PHE,354,PHE,26.223,28.734,none
9PXW,human,R,118,LEU,galpha,A,354,PHE,354,PHE,28.671,31.078,none
9PXW,human,R,119,ALA,galpha,A,354,PHE,354,PHE,27.345,28.814,none
9PXW,human,R,120,THR,galpha,A,354,PHE,354,PHE,28.381,29.508,none
9PXW,human,R,121,SER,galpha,A,354,PHE,354,PHE,31.187,33.772,none
9PXW,human,R,122,THR,galpha,A,354,PHE,354,PHE,32.849,34.305,none
9PXW,human,R,123,LEU,galpha,A,354,PHE,354,PHE,29.967,31.066,none
9PXW,human,R,124,PRO,galpha,A,354,PHE,354,PHE,34.947,36.003,none
9PXW,human,R,125,PHE,galpha,A,354,PHE,354,PHE,37.704,40.0,none
9PXW,human,R,126,GLN,galpha,A,354,PHE,354,PHE,35.086,36.498,none
9PXW,human,R,127,SER,galpha,A,354,PHE,354,PHE,37.303,38.297,none
9PXW,human,R,128,VAL,galpha,A,354,PHE,354,PHE,40.207,43.045,none
9PXW,human,R,129,ASN,galpha,A,354,PHE,354,PHE,41.993,43.777,none
9PXW,human,R,130,TYR,galpha,A,354,PHE,354,PHE,39.168,40.031,none
9PXW,human,R,131,LEU,galpha,A,354,PHE,354,PHE,42.103,43.139,none
9PXW,human,R,132,MET,galpha,A,354,PHE,354,PHE,44.763,47.476,none
9PXW,human,R,133,GLY,galpha,A,354,PHE,354,PHE,45.933,47.098,none
9PXW,human,R,134,THR,galpha,A,354,PHE,354,PHE,46.202,50.582,none
9PXW,human,R,135,TRP,galpha,A,354,PHE,354,PHE,41.241,42.794,none
9PXW,human,R,136,PRO,galpha,A,354,PHE,354,PHE,47.403,48.831,none
9PXW,human,R,137,PHE,galpha,A,354,PHE,354,PHE,42.423,43.782,none
9PXW,human,R,138,GLY,galpha,A,5,LEU,5,LEU,44.912,44.912,none
9PXW,human,R,139,THR,galpha,A,5,LEU,5,LEU,42.497,44.253,none
9PXW,human,R,140,ILE,galpha,A,5,LEU,5,LEU,38.497,38.497,none
9PXW,human,R,141,LEU,galpha,A,354,PHE,5,LEU,40.671,42.013,none
9PXW,human,R,142,CYS,galpha,A,354,PHE,354,PHE,40.001,43.085,none
9PXW,human,R,143,LYS,galpha,A,5,LEU,5,LEU,37.614,39.333,none
9PXW,human,R,144,ILE,galpha,A,354,PHE,5,LEU,36.042,36.429,none
9PXW,human,R,145,VAL,galpha,A,354,PHE,354,PHE,34.678,37.872,none
9PXW,human,R,146,ILE,galpha,A,354,PHE,354,PHE,34.384,38.824,none
9PXW,human,R,147,SER,galpha,A,354,PHE,5,LEU,32.743,35.599,none
9PXW,human,R,148,ILE,galpha,A,354,PHE,354,PHE,30.205,33.561,none
9PXW,human,R,149,ASP,galpha,A,354,PHE,354,PHE,29.056,31.93,none
9PXW,human,R,150,TYR,galpha,A,354,PHE,354,PHE,28.683,33.716,none
9PXW,human,R,151,TYR,galpha,A,354,PHE,5,LEU,26.536,30.91,none
9PXW,human,R,152,ASN,galpha,A,354,PHE,354,PHE,23.962,28.036,none
9PXW,human,R,153,MET,galpha,A,354,PHE,354,PHE,23.337,25.866,none
9PXW,human,R,154,PHE,galpha,A,354,PHE,354,PHE,23.272,28.995,none
9PXW,human,R,155,THR,galpha,A,354,PHE,354,PHE,21.537,26.206,none
9PXW,human,R,156,SER,galpha,A,354,PHE,354,PHE,18.538,22.961,none
9PXW,human,R,157,ILE,galpha,A,354,PHE,354,PHE,17.767,20.483,none
9PXW,human,R,158,PHE,galpha,A,354,PHE,354,PHE,19.151,24.374,none
9PXW,human,R,159,THR,galpha,A,354,PHE,354,PHE,16.537,20.268,none
9PXW,human,R,160,LEU,galpha,A,354,PHE,354,PHE,14.057,16.913,none
9PXW,human,R,161,CYS,galpha,A,354,PHE,354,PHE,15.698,20.649,none
9PXW,human,R,162,THR,galpha,A,354,PHE,354,PHE,15.641,20.531,none
9PXW,human,R,163,MET,galpha,A,354,PHE,354,PHE,12.06,14.454,none
9PXW,human,R,164,SER,galpha,A,354,PHE,354,PHE,11.962,15.109,none
9PXW,human,R,165,VAL,galpha,A,354,PHE,24,ARG,14.045,17.932,none
9PXW,human,R,166,ASP,galpha,A,354,PHE,24,ARG,13.142,14.646,none
9PXW,human,R,167,ARG,galpha,A,354,PHE,354,PHE,8.306,10.212,second_shell
9PXW,human,R,168,TYR,galpha,A,354,PHE,28,GLU,11.743,14.427,none
9PXW,human,R,169,ILE,galpha,A,28,GLU,24,ARG,10.045,11.836,none
9PXW,human,R,170,ALA,galpha,A,28,GLU,28,GLU,8.866,11.928,none
9PXW,human,R,171,VAL,galpha,A,352,GLY,352,GLY,8.577,8.577,none
9PXW,human,R,172,CYS,galpha,A,28,GLU,352,GLY,8.761,11.432,none
9PXW,human,R,173,HIS,galpha,A,28,GLU,28,GLU,6.785,8.869,second_shell
9PXW,human,R,174,PRO,galpha,A,28,GLU,28,GLU,3.792,3.792,first_shell
9PXW,human,R,175,VAL,galpha,A,28,GLU,28,GLU,3.384,3.384,first_shell
9PXW,human,R,176,LYS,galpha,A,24,ARG,24,ARG,4.318,4.632,first_shell
9PXW,human,R,177,ALA,galpha,A,24,ARG,24,ARG,6.177,8.244,none
9PXW,human,R,178,LEU,galpha,A,24,ARG,24,ARG,4.314,5.277,none
9PXW,human,R,179,ASP,galpha,A,24,ARG,24,ARG,3.003,3.003,first_shell
9PXW,human,R,180,PHE,galpha,A,24,ARG,24,ARG,7.827,9.754,none
9PXW,human,R,181,ARG,galpha,A,24,ARG,24,ARG,9.728,10.299,none
9PXW,human,R,182,THR,galpha,A,17,LYS,17,LYS,9.246,9.246,none
9PXW,human,R,183,PRO,galpha,A,17,LYS,17,LYS,13.763,13.994,none
9PXW,human,R,184,ARG,galpha,A,5,LEU,5,LEU,12.703,12.703,none
9PXW,human,R,185,ASN,galpha,A,17,LYS,17,LYS,9.986,9.986,none
9PXW,human,R,186,ALA,galpha,A,17,LYS,17,LYS,15.219,16.781,none
9PXW,human,R,187,LYS,galpha,A,5,LEU,5,LEU,16.688,16.688,none
9PXW,human,R,188,ILE,galpha,A,5,LEU,5,LEU,13.135,13.135,none
9PXW,human,R,189,ILE,galpha,A,17,LYS,17,LYS,17.15,17.15,none
9PXW,human,R,190,ASN,galpha,A,5,LEU,5,LEU,20.35,21.423,none
9PXW,human,R,191,VAL,galpha,A,5,LEU,5,LEU,18.265,18.265,none
9PXW,human,R,192,CYS,galpha,A,5,LEU,5,LEU,19.378,19.378,none
9PXW,human,R,193,ASN,galpha,A,5,LEU,5,LEU,22.154,24.033,none
9PXW,human,R,194,TRP,galpha,A,5,LEU,5,LEU,23.871,24.16,none
9PXW,human,R,195,ILE,galpha,A,5,LEU,5,LEU,20.991,20.991,none
9PXW,human,R,196,LEU,galpha,A,5,LEU,5,LEU,24.487,25.529,none
9PXW,human,R,197,SER,galpha,A,5,LEU,5,LEU,27.108,28.499,none
9PXW,human,R,198,SER,galpha,A,5,LEU,5,LEU,27.203,27.203,none
9PXW,human,R,199,ALA,galpha,A,5,LEU,5,LEU,27.04,27.04,none
9PXW,human,R,200,ILE,galpha,A,5,LEU,5,LEU,29.836,31.35,none
9PXW,human,R,201,GLY,galpha,A,5,LEU,5,LEU,31.774,31.774,none
9PXW,human,R,202,LEU,galpha,A,5,LEU,5,LEU,29.7,29.7,none
9PXW,human,R,203,PRO,galpha,A,5,LEU,5,LEU,34.117,34.117,none
9PXW,human,R,204,VAL,galpha,A,354,PHE,5,LEU,35.822,36.535,none
9PXW,human,R,205,MET,galpha,A,5,LEU,5,LEU,31.537,31.537,none
9PXW,human,R,206,PHE,galpha,A,5,LEU,5,LEU,36.754,36.982,none
9PXW,human,R,207,MET,galpha,A,5,LEU,5,LEU,39.448,39.991,none
9PXW,human,R,208,ALA,galpha,A,5,LEU,5,LEU,40.956,40.956,none
9PXW,human,R,209,THR,galpha,A,5,LEU,5,LEU,44.025,45.416,none
9PXW,human,R,210,THR,galpha,A,354,PHE,5,LEU,46.046,46.864,none
9PXW,human,R,211,LYS,galpha,A,354,PHE,5,LEU,46.049,48.149,none
9PXW,human,R,212,TYR,galpha,A,354,PHE,354,PHE,51.354,54.861,none
9PXW,human,R,213,ARG,galpha,A,354,PHE,354,PHE,51.331,53.343,none
9PXW,human,R,214,GLN,galpha,A,354,PHE,354,PHE,53.972,57.957,none
9PXW,human,R,215,GLY,galpha,A,354,PHE,354,PHE,51.191,52.809,none
9PXW,human,R,216,SER,galpha,A,354,PHE,354,PHE,47.583,49.399,none
9PXW,human,R,217,ILE,galpha,A,354,PHE,354,PHE,45.79,49.117,none
9PXW,human,R,218,ASP,galpha,A,354,PHE,354,PHE,42.565,44.525,none
9PXW,human,R,219,CYS,galpha,A,354,PHE,354,PHE,41.437,44.237,none
9PXW,human,R,220,THR,galpha,A,354,PHE,354,PHE,40.036,42.287,none
9PXW,human,R,221,LEU,galpha,A,354,PHE,354,PHE,38.014,40.568,none
9PXW,human,R,222,THR,galpha,A,354,PHE,5,LEU,42.634,45.533,none
9PXW,human,R,223,PHE,galpha,A,354,PHE,354,PHE,39.709,42.402,none
9PXW,human,R,224,SER,galpha,A,5,LEU,5,LEU,44.54,44.54,none
9PXW,human,R,225,HIS,galpha,A,354,PHE,5,LEU,47.051,47.489,none
9PXW,human,R,226,PRO,galpha,A,354,PHE,353,LEU,45.689,49.481,none
9PXW,human,R,227,THR,galpha,A,354,PHE,353,LEU,46.909,49.785,none
9PXW,human,R,228,TRP,galpha,A,354,PHE,353,LEU,42.966,44.872,none
9PXW,human,R,229,TYR,galpha,A,354,PHE,5,LEU,41.526,43.68,none
9PXW,human,R,230,TRP,galpha,A,354,PHE,5,LEU,40.558,40.948,none
9PXW,human,R,231,GLU,galpha,A,354,PHE,353,LEU,38.945,44.366,none
9PXW,human,R,232,ASN,galpha,A,354,PHE,353,LEU,36.15,40.537,none
9PXW,human,R,233,LEU,galpha,A,354,PHE,353,LEU,35.069,40.212,none
9PXW,human,R,234,LEU,galpha,A,354,PHE,354,PHE,33.203,37.841,none
9PXW,human,R,235,LYS,galpha,A,354,PHE,353,LEU,31.375,36.439,none
9PXW,human,R,236,ILE,galpha,A,354,PHE,353,LEU,30.534,34.92,none
9PXW,human,R,237,CYS,galpha,A,354,PHE,353,LEU,29.53,35.529,none
9PXW,human,R,238,VAL,galpha,A,354,PHE,354,PHE,27.181,31.81,none
9PXW,human,R,239,PHE,galpha,A,354,PHE,353,LEU,25.686,27.585,none
9PXW,human,R,240,ILE,galpha,A,354,PHE,353,LEU,25.674,30.431,none
9PXW,human,R,241,PHE,galpha,A,354,PHE,354,PHE,24.785,30.176,none
9PXW,human,R,242,ALA,galpha,A,354,PHE,354,PHE,21.259,27.105,none
9PXW,human,R,243,PHE,galpha,A,354,PHE,353,LEU,20.445,23.001,none
9PXW,human,R,244,ILE,galpha,A,354,PHE,353,LEU,21.65,26.319,none
9PXW,human,R,245,MET,galpha,A,354,PHE,353,LEU,20.246,26.265,none
9PXW,human,R,246,PRO,galpha,A,354,PHE,354,PHE,16.83,22.499,none
9PXW,human,R,247,VAL,galpha,A,354,PHE,353,LEU,15.532,18.61,none
9PXW,human,R,248,LEU,galpha,A,354,PHE,353,LEU,16.141,20.435,none
9PXW,human,R,249,ILE,galpha,A,354,PHE,353,LEU,14.381,19.881,none
9PXW,human,R,250,ILE,galpha,A,354,PHE,354,PHE,11.402,15.381,none
9PXW,human,R,251,THR,galpha,A,354,PHE,353,LEU,11.738,14.275,none
9PXW,human,R,252,VAL,galpha,A,354,PHE,353,LEU,12.744,16.543,none
9PXW,human,R,253,CYS,galpha,A,354,PHE,353,LEU,10.004,14.041,none
9PXW,human,R,254,TYR,galpha,A,354,PHE,353,LEU,7.451,10.355,second_shell
9PXW,human,R,255,GLY,galpha,A,353,LEU,353,LEU,9.805,9.805,second_shell
9PXW,human,R,256,LEU,galpha,A,353,LEU,353,LEU,10.275,12.906,none
9PXW,human,R,257,MET,galpha,A,354,PHE,353,LEU,6.634,8.583,none
9PXW,human,R,258,ILE,galpha,A,353,LEU,353,LEU,4.422,4.422,first_shell
9PXW,human,R,259,LEU,galpha,A,353,LEU,353,LEU,7.924,9.786,none
9PXW,human,R,260,ARG,galpha,A,351,CYS,28,GLU,6.712,8.596,none
9PXW,human,R,261,LEU,galpha,A,351,CYS,352,GLY,3.259,3.321,first_shell
9PXW,human,R,262,LYS,galpha,A,351,CYS,352,GLY,2.933,3.562,first_shell
9PXW,human,R,263,SER,galpha,A,351,CYS,351,CYS,5.869,8.049,none
9PXW,human,R,264,VAL,galpha,A,351,CYS,351,CYS,3.248,6.652,none
9PXW,human,R,265,ARG,galpha,A,348,LEU,348,LEU,3.679,3.679,first_shell
9PXW,human,R,266,MET,galpha,A,351,CYS,351,CYS,3.81,3.839,first_shell
9PXW,human,R,267,LEU,galpha,A,31,ALA,32,ARG,3.304,3.615,first_shell
9PXW,human,R,268,SER,galpha,A,347,ASN,347,ASN,2.932,2.932,first_shell
9PXW,human,R,269,GLY,galpha,A,31,ALA,31,ALA,4.235,4.948,first_shell
9PXW,human,R,270,SER,galpha,A,31,ALA,31,ALA,6.241,7.152,second_shell
9PXW,human,R,271,LYS,galpha,A,350,ASP,350,ASP,2.862,2.862,first_shell
9PXW,human,R,272,GLU,galpha,A,261,ASP,261,ASP,5.354,5.904,none
9PXW,human,R,273,LYS,galpha,A,261,ASP,216,GLU,8.095,10.123,none
9PXW,human,R,274,ASP,galpha,A,350,ASP,352,GLY,6.817,8.003,second_shell
9PXW,human,R,275,ARG,galpha,A,354,PHE,354,PHE,3.514,3.514,first_shell
9PXW,human,R,276,ASN,galpha,A,354,PHE,354,PHE,9.209,11.696,none
9PXW,human,R,277,LEU,galpha,A,354,PHE,354,PHE,7.542,9.344,second_shell
9PXW,human,R,278,ARG,galpha,A,354,PHE,354,PHE,3.592,3.592,first_shell
9PXW,human,R,279,ARG,galpha,A,354,PHE,354,PHE,5.999,7.477,none
9PXW,human,R,280,ILE,galpha,A,354,PHE,354,PHE,7.676,9.751,none
9PXW,human,R,281,THR,galpha,A,354,PHE,354,PHE,4.626,6.301,first_shell
9PXW,human,R,282,ARG,galpha,A,354,PHE,354,PHE,3.618,3.618,first_shell
9PXW,human,R,283,MET,galpha,A,354,PHE,354,PHE,6.635,8.973,second_shell
9PXW,human,R,284,VAL,galpha,A,354,PHE,354,PHE,8.076,10.32,none
9PXW,human,R,285,LEU,galpha,A,354,PHE,354,PHE,4.468,7.491,first_shell
9PXW,human,R,286,VAL,galpha,A,354,PHE,354,PHE,7.514,8.177,second_shell
9PXW,human,R,287,VAL,galpha,A,354,PHE,354,PHE,10.235,13.414,none
9PXW,human,R,288,VAL,galpha,A,354,PHE,354,PHE,10.765,13.289,none
9PXW,human,R,289,ALA,galpha,A,354,PHE,354,PHE,10.586,12.563,none
9PXW,human,R,290,VAL,galpha,A,354,PHE,354,PHE,12.913,15.434,none
9PXW,human,R,291,PHE,galpha,A,354,PHE,354,PHE,15.12,17.988,none
9PXW,human,R,292,ILE,galpha,A,354,PHE,353,LEU,15.012,17.473,none
9PXW,human,R,293,VAL,galpha,A,354,PHE,354,PHE,16.315,17.68,none
9PXW,human,R,294,CYS,galpha,A,354,PHE,354,PHE,18.656,21.102,none
9PXW,human,R,295,TRP,galpha,A,354,PHE,354,PHE,20.424,22.693,none
9PXW,human,R,296,THR,galpha,A,354,PHE,353,LEU,19.761,21.215,none
9PXW,human,R,297,PRO,galpha,A,354,PHE,353,LEU,22.701,24.048,none
9PXW,human,R,298,ILE,galpha,A,354,PHE,354,PHE,25.454,27.577,none
9PXW,human,R,299,HIS,galpha,A,354,PHE,353,LEU,25.057,27.419,none
9PXW,human,R,300,ILE,galpha,A,354,PHE,353,LEU,25.308,26.252,none
9PXW,human,R,301,TYR,galpha,A,354,PHE,353,LEU,28.949,30.012,none
9PXW,human,R,302,VAL,galpha,A,354,PHE,353,LEU,30.689,32.803,none
9PXW,human,R,303,ILE,galpha,A,354,PHE,353,LEU,29.784,31.29,none
9PXW,human,R,304,ILE,galpha,A,354,PHE,353,LEU,31.757,32.294,none
9PXW,human,R,305,LYS,galpha,A,354,PHE,353,LEU,34.526,36.799,none
9PXW,human,R,306,ALA,galpha,A,354,PHE,353,LEU,35.869,37.504,none
9PXW,human,R,307,LEU,galpha,A,354,PHE,353,LEU,34.198,35.228,none
9PXW,human,R,308,VAL,galpha,A,354,PHE,353,LEU,35.91,36.222,none
9PXW,human,R,309,THR,galpha,A,354,PHE,353,LEU,38.696,41.679,none
9PXW,human,R,310,ILE,galpha,A,354,PHE,353,LEU,37.075,37.455,none
9PXW,human,R,311,PRO,galpha,A,354,PHE,353,LEU,41.444,42.803,none
9PXW,human,R,312,GLU,galpha,A,354,PHE,353,LEU,42.491,44.129,none
9PXW,human,R,313,THR,galpha,A,354,PHE,353,LEU,40.699,41.532,none
9PXW,human,R,314,THR,galpha,A,354,PHE,353,LEU,39.082,42.799,none
9PXW,human,R,315,PHE,galpha,A,354,PHE,353,LEU,35.849,36.576,none
9PXW,human,R,316,GLN,galpha,A,354,PHE,353,LEU,35.58,37.787,none
9PXW,human,R,317,THR,galpha,A,354,PHE,354,PHE,36.049,40.303,none
9PXW,human,R,318,VAL,galpha,A,354,PHE,354,PHE,33.549,35.93,none
9PXW,human,R,319,SER,galpha,A,354,PHE,353,LEU,31.159,32.4,none
9PXW,human,R,320,TRP,galpha,A,354,PHE,353,LEU,31.934,34.817,none
9PXW,human,R,321,HIS,galpha,A,354,PHE,354,PHE,31.872,35.856,none
9PXW,human,R,322,PHE,galpha,A,354,PHE,354,PHE,26.744,27.304,none
9PXW,human,R,323,CYS,galpha,A,354,PHE,354,PHE,27.171,29.772,none
9PXW,human,R,324,ILE,galpha,A,354,PHE,354,PHE,28.045,32.526,none
9PXW,human,R,325,ALA,galpha,A,354,PHE,354,PHE,26.205,30.05,none
9PXW,human,R,326,LEU,galpha,A,354,PHE,354,PHE,23.106,24.437,none
9PXW,human,R,327,GLY,galpha,A,354,PHE,354,PHE,23.768,25.442,none
9PXW,human,R,328,TYR,galpha,A,354,PHE,354,PHE,25.062,28.822,none
9PXW,human,R,329,THR,galpha,A,354,PHE,354,PHE,22.041,23.601,none
9PXW,human,R,330,ASN,galpha,A,354,PHE,354,PHE,18.182,19.744,none
9PXW,human,R,331,SER,galpha,A,354,PHE,354,PHE,22.223,25.369,none
9PXW,human,R,332,CYS,galpha,A,354,PHE,354,PHE,21.465,24.604,none
9PXW,human,R,333,LEU,galpha,A,354,PHE,354,PHE,17.767,19.7,none
9PXW,human,R,334,ASN,galpha,A,354,PHE,354,PHE,15.925,17.188,none
9PXW,human,R,335,PRO,galpha,A,354,PHE,354,PHE,18.767,21.175,none
9PXW,human,R,336,VAL,galpha,A,354,PHE,354,PHE,16.451,19.145,none
9PXW,human,R,337,LEU,galpha,A,354,PHE,354,PHE,13.061,13.375,none
9PXW,human,R,338,TYR,galpha,A,354,PHE,354,PHE,14.162,14.752,none
9PXW,human,R,339,ALA,galpha,A,354,PHE,354,PHE,15.806,17.829,none
9PXW,human,R,340,PHE,galpha,A,354,PHE,354,PHE,12.639,12.639,none
9PXW,human,R,341,LEU,galpha,A,354,PHE,354,PHE,9.366,9.366,none
9PXW,human,R,342,ASP,galpha,A,354,PHE,354,PHE,12.688,12.688,none
9PXW,human,R,343,GLU,galpha,A,354,PHE,354,PHE,14.743,15.623,none
9PXW,human,R,344,ASN,galpha,A,354,PHE,354,PHE,15.591,15.591,none
9PXW,human,R,345,PHE,galpha,A,354,PHE,354,PHE,16.92,16.92,none
9PXW,human,R,346,LYS,galpha,A,354,PHE,354,PHE,18.309,18.309,none
9PXW,human,R,347,ARG,galpha,A,257,LYS,257,LYS,17.946,17.946,none
9PXW,human,R,348,CYS,galpha,A,257,LYS,257,LYS,21.142,22.965,none
9PXW,human,R,349,PHE,galpha,A,354,PHE,354,PHE,22.027,22.027,none
9PXW,human,R,350,ARG,galpha,A,257,LYS,257,LYS,21.621,21.621,none
9PXW,human,R,351,GLU,galpha,A,257,LYS,257,LYS,22.334,22.334,none
9PXW,human,R,352,PHE,galpha,A,257,LYS,257,LYS,25.227,27.247,none
9PXW,human,R,353,CYS,galpha,A,257,LYS,257,LYS,26.986,27.372,none
9PXW,human,R,354,ILE,galpha,A,257,LYS,257,LYS,26.172,26.172,none
9PXW,human,R,68,ILE,gbeta,B,312,ASP,46,ARG,52.904,54.671,none
9PXW,human,R,69,THR,gbeta,B,312,ASP,312,ASP,49.029,50.829,none
9PXW,human,R,70,ALA,gbeta,B,46,ARG,46,ARG,47.418,49.439,none
9PXW,human,R,71,ILE,gbeta,B,46,ARG,46,ARG,47.494,50.361,none
9PXW,human,R,72,THR,gbeta,B,312,ASP,312,ASP,46.2,48.997,none
9PXW,human,R,73,ILE,gbeta,B,312,ASP,312,ASP,43.263,45.055,none
9PXW,human,R,74,MET,gbeta,B,46,ARG,46,ARG,40.702,42.136,none
9PXW,human,R,75,ALA,gbeta,B,46,ARG,46,ARG,39.615,42.487,none
9PXW,human,R,76,LEU,gbeta,B,312,ASP,312,ASP,37.825,40.529,none
9PXW,human,R,77,TYR,gbeta,B,46,ARG,46,ARG,36.681,39.751,none
9PXW,human,R,78,SER,gbeta,B,46,ARG,46,ARG,34.868,37.592,none
9PXW,human,R,79,ILE,gbeta,B,312,ASP,312,ASP,33.738,36.678,none
9PXW,human,R,80,VAL,gbeta,B,312,ASP,312,ASP,32.149,33.802,none
9PXW,human,R,81,CYS,gbeta,B,46,ARG,46,ARG,30.658,33.586,none
9PXW,human,R,82,VAL,gbeta,B,46,ARG,46,ARG,29.144,31.721,none
9PXW,human,R,83,VAL,gbeta,B,312,ASP,312,ASP,27.818,29.278,none
9PXW,human,R,84,GLY,gbeta,B,312,ASP,312,ASP,26.892,26.892,none
9PXW,human,R,85,LEU,gbeta,B,46,ARG,46,ARG,24.655,27.031,none
9PXW,human,R,86,PHE,gbeta,B,46,ARG,309,ALA,23.696,24.266,none
9PXW,human,R,87,GLY,gbeta,B,312,ASP,312,ASP,22.18,22.18,none
9PXW,human,R,88,ASN,gbeta,B,46,ARG,312,ASP,20.989,23.937,none
9PXW,human,R,89,PHE,gbeta,B,46,ARG,46,ARG,18.934,19.09,none
9PXW,human,R,90,LEU,gbeta,B,309,ALA,309,ALA,18.343,19.868,none
9PXW,human,R,91,VAL,gbeta,B,312,ASP,312,ASP,17.365,18.532,none
9PXW,human,R,92,MET,gbeta,B,46,ARG,46,ARG,14.885,17.648,none
9PXW,human,R,93,TYR,gbeta,B,42,ARG,42,ARG,13.004,13.004,none
9PXW,human,R,94,VAL,gbeta,B,310,GLY,309,ALA,12.884,14.78,none
9PXW,human,R,95,ILE,gbeta,B,46,ARG,312,ASP,11.501,13.569,none
9PXW,human,R,96,VAL,gbeta,B,46,ARG,46,ARG,9.298,9.808,second_shell
9PXW,human,R,97,ARG,gbeta,B,46,ARG,46,ARG,3.002,3.002,first_shell
9PXW,human,R,98,TYR,gbeta,B,309,ALA,310,GLY,7.263,9.229,none
9PXW,human,R,99,THR,gbeta,B,309,ALA,310,GLY,3.315,3.9,first_shell
9PXW,human,R,100,LYS,gbeta,B,312,ASP,312,ASP,5.498,5.498,second_shell
9PXW,human,R,101,MET,gbeta,B,312,ASP,312,ASP,7.743,9.666,none
9PXW,human,R,102,LYS,gbeta,B,50,THR,50,THR,8.404,8.404,none
9PXW,human,R,103,THR,gbeta,B,52,ARG,52,ARG,9.128,9.128,none
9PXW,human,R,104,ALA,gbeta,B,52,ARG,52,ARG,10.033,10.331,none
9PXW,human,R,105,THR,gbeta,B,52,ARG,312,ASP,12.433,12.474,none
9PXW,human,R,106,ASN,gbeta,B,312,ASP,312,ASP,10.971,10.971,none
9PXW,human,R,107,ILE,gbeta,B,52,ARG,52,ARG,12.781,12.781,none
9PXW,human,R,108,TYR,gbeta,B,52,ARG,52,ARG,14.606,14.606,none
9PXW,human,R,109,ILE,gbeta,B,312,ASP,312,ASP,16.07,16.07,none
9PXW,human,R,110,PHE,gbeta,B,46,ARG,46,ARG,16.355,16.355,none
9PXW,human,R,111,ASN,gbeta,B,52,ARG,52,ARG,20.006,20.172,none
9PXW,human,R,112,LEU,gbeta,B,52,ARG,312,ASP,21.924,22.299,none
9PXW,human,R,113,ALA,gbeta,B,312,ASP,312,ASP,21.314,21.314,none
9PXW,human,R,114,LEU,gbeta,B,46,ARG,46,ARG,20.132,20.132,none
9PXW,human,R,115,ALA,gbeta,B,46,ARG,52,ARG,24.643,26.502,none
9PXW,human,R,116,ASP,gbeta,B,312,ASP,312,ASP,25.172,25.172,none
9PXW,human,R,117,ALA,gbeta,B,46,ARG,46,ARG,24.482,24.482,none
9PXW,human,R,118,LEU,gbeta,B,46,ARG,46,ARG,24.794,24.794,none
9PXW,human,R,119,ALA,gbeta,B,46,ARG,46,ARG,29.258,30.998,none
9PXW,human,R,120,THR,gbeta,B,46,ARG,46,ARG,28.957,28.957,none
9PXW,human,R,121,SER,gbeta,B,46,ARG,46,ARG,28.73,28.73,none
9PXW,human,R,122,THR,gbeta,B,46,ARG,46,ARG,31.92,32.408,none
9PXW,human,R,123,LEU,gbeta,B,46,ARG,46,ARG,34.184,34.709,none
9PXW,human,R,124,PRO,gbeta,B,46,ARG,46,ARG,34.162,34.162,none
9PXW,human,R,125,PHE,gbeta,B,46,ARG,46,ARG,34.675,34.675,none
9PXW,human,R,126,GLN,gbeta,B,46,ARG,46,ARG,38.124,38.882,none
9PXW,human,R,127,SER,gbeta,B,46,ARG,46,ARG,39.715,39.715,none
9PXW,human,R,128,VAL,gbeta,B,46,ARG,46,ARG,40.219,40.219,none
9PXW,human,R,129,ASN,gbeta,B,46,ARG,46,ARG,43.269,44.3,none
9PXW,human,R,130,TYR,gbeta,B,46,ARG,46,ARG,44.902,45.092,none
9PXW,human,R,131,LEU,gbeta,B,46,ARG,46,ARG,44.901,44.901,none
9PXW,human,R,132,MET,gbeta,B,46,ARG,46,ARG,46.841,46.841,none
9PXW,human,R,133,GLY,gbeta,B,46,ARG,46,ARG,48.395,48.395,none
9PXW,human,R,134,THR,gbeta,B,46,ARG,46,ARG,45.827,48.752,none
9PXW,human,R,135,TRP,gbeta,B,46,ARG,46,ARG,40.126,40.126,none
9PXW,human,R,136,PRO,gbeta,B,46,ARG,46,ARG,42.969,44.46,none
9PXW,human,R,137,PHE,gbeta,B,46,ARG,46,ARG,38.56,38.56,none
9PXW,human,R,138,GLY,gbeta,B,46,ARG,46,ARG,41.275,41.275,none
9PXW,human,R,139,THR,gbeta,B,46,ARG,46,ARG,40.538,42.711,none
9PXW,human,R,140,ILE,gbeta,B,46,ARG,46,ARG,36.148,36.148,none
9PXW,human,R,141,LEU,gbeta,B,46,ARG,46,ARG,35.956,35.956,none
9PXW,human,R,142,CYS,gbeta,B,46,ARG,46,ARG,39.007,40.933,none
9PXW,human,R,143,LYS,gbeta,B,46,ARG,46,ARG,36.614,38.326,none
9PXW,human,R,144,ILE,gbeta,B,46,ARG,46,ARG,33.01,33.01,none
9PXW,human,R,145,VAL,gbeta,B,46,ARG,46,ARG,35.775,36.448,none
9PXW,human,R,146,ILE,gbeta,B,46,ARG,46,ARG,37.282,39.513,none
9PXW,human,R,147,SER,gbeta,B,46,ARG,46,ARG,34.018,35.179,none
9PXW,human,R,148,ILE,gbeta,B,46,ARG,46,ARG,29.826,29.826,none
9PXW,human,R,149,ASP,gbeta,B,46,ARG,46,ARG,34.678,36.624,none
9PXW,human,R,150,TYR,gbeta,B,52,ARG,52,ARG,32.657,35.573,none
9PXW,human,R,151,TYR,gbeta,B,52,ARG,46,ARG,29.988,30.525,none
9PXW,human,R,152,ASN,gbeta,B,52,ARG,52,ARG,30.056,31.153,none
9PXW,human,R,153,MET,gbeta,B,52,ARG,52,ARG,30.535,32.847,none
9PXW,human,R,154,PHE,gbeta,B,52,ARG,52,ARG,28.017,30.628,none
9PXW,human,R,155,THR,gbeta,B,52,ARG,52,ARG,24.914,25.022,none
9PXW,human,R,156,SER,gbeta,B,52,ARG,52,ARG,25.353,27.625,none
9PXW,human,R,157,ILE,gbeta,B,52,ARG,52,ARG,25.581,28.415,none
9PXW,human,R,158,PHE,gbeta,B,52,ARG,52,ARG,22.219,24.918,none
9PXW,human,R,159,THR,gbeta,B,52,ARG,52,ARG,20.499,21.059,none
9PXW,human,R,160,LEU,gbeta,B,52,ARG,52,ARG,22.061,24.007,none
9PXW,human,R,161,CYS,gbeta,B,52,ARG,52,ARG,20.822,23.547,none
9PXW,human,R,162,THR,gbeta,B,52,ARG,52,ARG,17.135,18.675,none
9PXW,human,R,163,MET,gbeta,B,52,ARG,52,ARG,17.223,17.223,none
9PXW,human,R,164,SER,gbeta,B,52,ARG,52,ARG,18.99,21.521,none
9PXW,human,R,165,VAL,gbeta,B,52,ARG,52,ARG,16.155,17.985,none
9PXW,human,R,166,ASP,gbeta,B,52,ARG,52,ARG,12.144,12.144,none
9PXW,human,R,167,ARG,gbeta,B,335,PHE,335,PHE,13.212,13.212,none
9PXW,human,R,168,TYR,gbeta,B,52,ARG,52,ARG,16.71,18.717,none
9PXW,human,R,169,ILE,gbeta,B,52,ARG,52,ARG,12.671,12.671,none
9PXW,human,R,170,ALA,gbeta,B,55,LEU,52,ARG,11.776,12.85,none
9PXW,human,R,171,VAL,gbeta,B,55,LEU,55,LEU,13.744,14.553,none
9PXW,human,R,172,CYS,gbeta,B,55,LEU,55,LEU,15.43,17.537,none
9PXW,human,R,173,HIS,gbeta,B,55,LEU,55,LEU,12.285,14.645,none
9PXW,human,R,174,PRO,gbeta,B,55,LEU,55,LEU,10.317,11.69,none
9PXW,human,R,175,VAL,gbeta,B,55,LEU,55,LEU,5.724,5.724,none
9PXW,human,R,176,LYS,gbeta,B,52,ARG,55,LEU,9.891,11.969,none
9PXW,human,R,177,ALA,gbeta,B,52,ARG,52,ARG,7.659,10.128,none
9PXW,human,R,178,LEU,gbeta,B,52,ARG,52,ARG,4.174,4.174,first_shell
9PXW,human,R,179,ASP,gbeta,B,52,ARG,52,ARG,7.164,8.293,none
9PXW,human,R,180,PHE,gbeta,B,52,ARG,52,ARG,8.054,10.153,none
9PXW,human,R,181,ARG,gbeta,B,52,ARG,52,ARG,6.274,6.323,none
9PXW,human,R,182,THR,gbeta,B,52,ARG,52,ARG,4.32,4.32,first_shell
9PXW,human,R,183,PRO,gbeta,B,52,ARG,52,ARG,6.568,6.568,second_shell
9PXW,human,R,184,ARG,gbeta,B,52,ARG,52,ARG,9.012,9.549,none
9PXW,human,R,185,ASN,gbeta,B,52,ARG,52,ARG,9.34,9.34,second_shell
9PXW,human,R,186,ALA,gbeta,B,52,ARG,52,ARG,11.723,11.786,none
9PXW,human,R,187,LYS,gbeta,B,52,ARG,52,ARG,12.096,12.096,none
9PXW,human,R,188,ILE,gbeta,B,52,ARG,52,ARG,14.841,14.879,none
9PXW,human,R,189,ILE,gbeta,B,52,ARG,52,ARG,15.949,15.949,none
9PXW,human,R,190,ASN,gbeta,B,52,ARG,52,ARG,17.65,18.019,none
9PXW,human,R,191,VAL,gbeta,B,52,ARG,52,ARG,19.238,19.238,none
9PXW,human,R,192,CYS,gbeta,B,52,ARG,52,ARG,20.156,20.156,none
9PXW,human,R,193,ASN,gbeta,B,52,ARG,52,ARG,22.035,22.035,none
9PXW,human,R,194,TRP,gbeta,B,52,ARG,52,ARG,23.592,23.592,none
9PXW,human,R,195,ILE,gbeta,B,52,ARG,52,ARG,24.864,24.864,none
9PXW,human,R,196,LEU,gbeta,B,52,ARG,52,ARG,26.553,26.797,none
9PXW,human,R,197,SER,gbeta,B,52,ARG,52,ARG,28.042,28.295,none
9PXW,human,R,198,SER,gbeta,B,52,ARG,52,ARG,29.565,29.565,none
9PXW,human,R,199,ALA,gbeta,B,52,ARG,52,ARG,31.003,31.053,none
9PXW,human,R,200,ILE,gbeta,B,52,ARG,52,ARG,32.441,32.441,none
9PXW,human,R,201,GLY,gbeta,B,52,ARG,52,ARG,33.992,33.992,none
9PXW,human,R,202,LEU,gbeta,B,52,ARG,52,ARG,34.939,34.939,none
9PXW,human,R,203,PRO,gbeta,B,52,ARG,52,ARG,37.747,37.747,none
9PXW,human,R,204,VAL,gbeta,B,46,ARG,46,ARG,37.985,37.985,none
9PXW,human,R,205,MET,gbeta,B,46,ARG,46,ARG,34.034,34.034,none
9PXW,human,R,206,PHE,gbeta,B,46,ARG,46,ARG,39.956,41.524,none
9PXW,human,R,207,MET,gbeta,B,46,ARG,52,ARG,42.493,43.913,none
9PXW,human,R,208,ALA,gbeta,B,46,ARG,46,ARG,41.228,41.228,none
9PXW,human,R,209,THR,gbeta,B,46,ARG,46,ARG,44.193,45.88,none
9PXW,human,R,210,THR,gbeta,B,46,ARG,46,ARG,44.468,44.468,none
9PXW,human,R,211,LYS,gbeta,B,46,ARG,46,ARG,48.35,48.35,none
9PXW,human,R,212,TYR,gbeta,B,46,ARG,46,ARG,51.584,52.273,none
9PXW,human,R,213,ARG,gbeta,B,46,ARG,46,ARG,53.668,54.826,none
9PXW,human,R,214,GLN,gbeta,B,46,ARG,46,ARG,56.992,59.273,none
9PXW,human,R,215,GLY,gbeta,B,46,ARG,46,ARG,56.134,56.134,none
9PXW,human,R,216,SER,gbeta,B,46,ARG,46,ARG,52.703,52.912,none
9PXW,human,R,217,ILE,gbeta,B,46,ARG,46,ARG,48.6,48.6,none
9PXW,human,R,218,ASP,gbeta,B,46,ARG,46,ARG,47.315,47.315,none
9PXW,human,R,219,CYS,gbeta,B,46,ARG,46,ARG,43.307,43.307,none
9PXW,human,R,220,THR,gbeta,B,46,ARG,46,ARG,45.791,46.639,none
9PXW,human,R,221,LEU,gbeta,B,52,ARG,52,ARG,43.26,43.26,none
9PXW,human,R,222,THR,gbeta,B,52,ARG,46,ARG,46.798,47.75,none
9PXW,human,R,223,PHE,gbeta,B,52,ARG,52,ARG,45.327,45.327,none
9PXW,human,R,224,SER,gbeta,B,52,ARG,52,ARG,49.373,49.681,none
9PXW,human,R,225,HIS,gbeta,B,52,ARG,52,ARG,51.659,52.561,none
9PXW,human,R,226,PRO,gbeta,B,52,ARG,52,ARG,51.857,52.974,none
9PXW,human,R,227,THR,gbeta,B,52,ARG,52,ARG,53.345,53.345,none
9PXW,human,R,228,TRP,gbeta,B,52,ARG,52,ARG,50.789,52.742,none
9PXW,human,R,229,TYR,gbeta,B,52,ARG,52,ARG,47.149,47.149,none
9PXW,human,R,230,TRP,gbeta,B,52,ARG,52,ARG,45.171,45.171,none
9PXW,human,R,231,GLU,gbeta,B,52,ARG,52,ARG,47.206,49.843,none
9PXW,human,R,232,ASN,gbeta,B,52,ARG,52,ARG,44.896,47.908,none
9PXW,human,R,233,LEU,gbeta,B,52,ARG,52,ARG,42.175,44.85,none
9PXW,human,R,234,LEU,gbeta,B,52,ARG,52,ARG,40.487,41.458,none
9PXW,human,R,235,LYS,gbeta,B,52,ARG,52,ARG,40.751,43.468,none
9PXW,human,R,236,ILE,gbeta,B,52,ARG,52,ARG,39.571,42.326,none
9PXW,human,R,237,CYS,gbeta,B,52,ARG,52,ARG,36.637,39.058,none
9PXW,human,R,238,VAL,gbeta,B,52,ARG,52,ARG,35.765,37.242,none
9PXW,human,R,239,PHE,gbeta,B,52,ARG,52,ARG,36.298,39.024,none
9PXW,human,R,240,ILE,gbeta,B,52,ARG,52,ARG,34.532,37.424,none
9PXW,human,R,241,PHE,gbeta,B,52,ARG,52,ARG,31.684,33.509,none
9PXW,human,R,242,ALA,gbeta,B,52,ARG,52,ARG,31.495,33.355,none
9PXW,human,R,243,PHE,gbeta,B,52,ARG,52,ARG,32.965,33.249,none
9PXW,human,R,244,ILE,gbeta,B,52,ARG,52,ARG,32.713,35.56,none
9PXW,human,R,245,MET,gbeta,B,52,ARG,52,ARG,29.462,31.105,none
9PXW,human,R,246,PRO,gbeta,B,52,ARG,52,ARG,27.286,27.744,none
9PXW,human,R,247,VAL,gbeta,B,52,ARG,52,ARG,29.377,30.682,none
9PXW,human,R,248,LEU,gbeta,B,52,ARG,52,ARG,29.104,31.468,none
9PXW,human,R,249,ILE,gbeta,B,52,ARG,52,ARG,25.418,25.418,none
9PXW,human,R,250,ILE,gbeta,B,52,ARG,52,ARG,24.999,24.999,none
9PXW,human,R,251,THR,gbeta,B,52,ARG,52,ARG,27.677,29.924,none
9PXW,human,R,252,VAL,gbeta,B,55,LEU,52,ARG,26.095,27.466,none
9PXW,human,R,253,CYS,gbeta,B,52,ARG,52,ARG,21.551,21.551,none
9PXW,human,R,254,TYR,gbeta,B,312,ASP,312,ASP,22.525,22.525,none
9PXW,human,R,255,GLY,gbeta,B,55,LEU,55,LEU,25.053,25.053,none
9PXW,human,R,256,LEU,gbeta,B,55,LEU,55,LEU,21.811,23.305,none
9PXW,human,R,257,MET,gbeta,B,55,LEU,55,LEU,18.454,18.454,none
9PXW,human,R,258,ILE,gbeta,B,55,LEU,55,LEU,22.627,23.803,none
9PXW,human,R,259,LEU,gbeta,B,55,LEU,55,LEU,22.447,23.818,none
9PXW,human,R,260,ARG,gbeta,B,55,LEU,55,LEU,16.311,16.311,none
9PXW,human,R,261,LEU,gbeta,B,55,LEU,55,LEU,17.224,17.224,none
9PXW,human,R,262,LYS,gbeta,B,55,LEU,55,LEU,21.525,23.553,none
9PXW,human,R,263,SER,gbeta,B,55,LEU,55,LEU,22.777,23.423,none
9PXW,human,R,264,VAL,gbeta,B,55,LEU,55,LEU,19.212,19.212,none
9PXW,human,R,265,ARG,gbeta,B,55,LEU,55,LEU,17.53,19.412,none
9PXW,human,R,266,MET,gbeta,B,55,LEU,55,LEU,14.096,14.096,none
9PXW,human,R,267,LEU,gbeta,B,55,LEU,55,LEU,9.96,9.96,none
9PXW,human,R,268,SER,gbeta,B,55,LEU,99,TRP,10.27,13.628,none
9PXW,human,R,269,GLY,gbeta,B,55,LEU,55,LEU,8.632,9.92,none
9PXW,human,R,270,SER,gbeta,B,55,LEU,55,LEU,6.538,7.418,second_shell
9PXW,human,R,271,LYS,gbeta,B,57,LYS,57,LYS,10.15,11.673,none
9PXW,human,R,272,GLU,gbeta,B,313,ASN,313,ASN,6.636,6.636,none
9PXW,human,R,273,LYS,gbeta,B,333,ASP,333,ASP,4.275,4.275,first_shell
9PXW,human,R,274,ASP,gbeta,B,312,ASP,55,LEU,10.875,11.225,none
9PXW,human,R,275,ARG,gbeta,B,312,ASP,313,ASN,12.496,13.231,none
9PXW,human,R,276,ASN,gbeta,B,312,ASP,312,ASP,8.52,8.52,none
9PXW,human,R,277,LEU,gbeta,B,312,ASP,55,LEU,11.129,11.528,none
9PXW,human,R,278,ARG,gbeta,B,312,ASP,312,ASP,13.938,15.963,none
9PXW,human,R,279,ARG,gbeta,B,312,ASP,312,ASP,14.369,14.369,none
9PXW,human,R,280,ILE,gbeta,B,312,ASP,312,ASP,11.831,11.831,none
9PXW,human,R,281,THR,gbeta,B,312,ASP,312,ASP,15.836,16.326,none
9PXW,human,R,282,ARG,gbeta,B,312,ASP,312,ASP,18.21,19.227,none
9PXW,human,R,283,MET,gbeta,B,312,ASP,312,ASP,17.294,17.294,none
9PXW,human,R,284,VAL,gbeta,B,312,ASP,312,ASP,17.667,17.667,none
9PXW,human,R,285,LEU,gbeta,B,312,ASP,312,ASP,21.302,22.791,none
9PXW,human,R,286,VAL,gbeta,B,312,ASP,312,ASP,22.98,23.213,none
9PXW,human,R,287,VAL,gbeta,B,312,ASP,312,ASP,21.637,21.637,none
9PXW,human,R,288,VAL,gbeta,B,312,ASP,312,ASP,24.333,24.333,none
9PXW,human,R,289,ALA,gbeta,B,312,ASP,312,ASP,26.901,27.951,none
9PXW,human,R,290,VAL,gbeta,B,312,ASP,312,ASP,26.832,26.832,none
9PXW,human,R,291,PHE,gbeta,B,312,ASP,312,ASP,28.339,28.339,none
9PXW,human,R,292,ILE,gbeta,B,312,ASP,52,ARG,30.524,30.666,none
9PXW,human,R,293,VAL,gbeta,B,312,ASP,312,ASP,32.375,32.375,none
9PXW,human,R,294,CYS,gbeta,B,312,ASP,312,ASP,31.626,31.626,none
9PXW,human,R,295,TRP,gbeta,B,312,ASP,312,ASP,32.053,32.053,none
9PXW,human,R,296,THR,gbeta,B,52,ARG,52,ARG,36.082,36.082,none
9PXW,human,R,297,PRO,gbeta,B,312,ASP,312,ASP,38.14,38.14,none
9PXW,human,R,298,ILE,gbeta,B,312,ASP,312,ASP,38.376,38.376,none
9PXW,human,R,299,HIS,gbeta,B,52,ARG,52,ARG,36.157,36.157,none
9PXW,human,R,300,ILE,gbeta,B,52,ARG,52,ARG,41.18,41.18,none
9PXW,human,R,301,TYR,gbeta,B,52,ARG,312,ASP,43.831,44.457,none
9PXW,human,R,302,VAL,gbeta,B,52,ARG,52,ARG,42.888,42.888,none
9PXW,human,R,303,ILE,gbeta,B,52,ARG,52,ARG,42.644,42.644,none
9PXW,human,R,304,ILE,gbeta,B,52,ARG,52,ARG,46.604,47.422,none
9PXW,human,R,305,LYS,gbeta,B,52,ARG,52,ARG,48.394,48.626,none
9PXW,human,R,306,ALA,gbeta,B,52,ARG,52,ARG,47.419,47.419,none
9PXW,human,R,307,LEU,gbeta,B,52,ARG,52,ARG,47.175,47.175,none
9PXW,human,R,308,VAL,gbeta,B,52,ARG,52,ARG,51.264,51.291,none
9PXW,human,R,309,THR,gbeta,B,52,ARG,52,ARG,52.889,54.276,none
9PXW,human,R,310,ILE,gbeta,B,312,ASP,312,ASP,53.042,53.042,none
9PXW,human,R,311,PRO,gbeta,B,312,ASP,52,ARG,56.747,58.255,none
9PXW,human,R,312,GLU,gbeta,B,312,ASP,312,ASP,56.859,57.132,none
9PXW,human,R,313,THR,gbeta,B,312,ASP,312,ASP,54.66,56.282,none
9PXW,human,R,314,THR,gbeta,B,312,ASP,312,ASP,52.841,56.05,none
9PXW,human,R,315,PHE,gbeta,B,312,ASP,312,ASP,50.542,52.56,none
9PXW,human,R,316,GLN,gbeta,B,312,ASP,312,ASP,49.561,51.723,none
9PXW,human,R,317,THR,gbeta,B,312,ASP,312,ASP,48.688,51.882,none
9PXW,human,R,318,VAL,gbeta,B,312,ASP,312,ASP,46.675,48.796,none
9PXW,human,R,319,SER,gbeta,B,312,ASP,312,ASP,44.848,46.591,none
9PXW,human,R,320,TRP,gbeta,B,312,ASP,52,ARG,44.096,45.623,none
9PXW,human,R,321,HIS,gbeta,B,312,ASP,312,ASP,43.054,46.13,none
9PXW,human,R,322,PHE,gbeta,B,312,ASP,312,ASP,40.614,40.614,none
9PXW,human,R,323,CYS,gbeta,B,312,ASP,312,ASP,39.354,41.844,none
9PXW,human,R,324,ILE,gbeta,B,312,ASP,312,ASP,38.245,41.003,none
9PXW,human,R,325,ALA,gbeta,B,312,ASP,312,ASP,36.317,39.267,none
9PXW,human,R,326,LEU,gbeta,B,312,ASP,312,ASP,34.809,36.961,none
9PXW,human,R,327,GLY,gbeta,B,312,ASP,312,ASP,33.634,33.634,none
9PXW,human,R,328,TYR,gbeta,B,312,ASP,312,ASP,32.639,35.602,none
9PXW,human,R,329,THR,gbeta,B,312,ASP,312,ASP,30.462,32.842,none
9PXW,human,R,330,ASN,gbeta,B,312,ASP,312,ASP,27.559,28.064,none
9PXW,human,R,331,SER,gbeta,B,312,ASP,312,ASP,26.878,28.903,none
9PXW,human,R,332,CYS,gbeta,B,312,ASP,312,ASP,26.932,29.53,none
9PXW,human,R,333,LEU,gbeta,B,312,ASP,312,ASP,25.15,28.182,none
9PXW,human,R,334,ASN,gbeta,B,312,ASP,312,ASP,22.007,24.058,none
9PXW,human,R,335,PRO,gbeta,B,312,ASP,312,ASP,20.963,22.756,none
9PXW,human,R,336,VAL,gbeta,B,312,ASP,312,ASP,22.347,24.592,none
9PXW,human,R,337,LEU,gbeta,B,312,ASP,312,ASP,20.533,23.128,none
9PXW,human,R,338,TYR,gbeta,B,312,ASP,312,ASP,16.796,18.291,none
9PXW,human,R,339,ALA,gbeta,B,312,ASP,312,ASP,18.187,18.564,none
9PXW,human,R,340,PHE,gbeta,B,292,PHE,312,ASP,19.554,21.665,none
9PXW,human,R,341,LEU,gbeta,B,312,ASP,312,ASP,16.537,18.972,none
9PXW,human,R,342,ASP,gbeta,B,312,ASP,312,ASP,12.302,12.302,none
9PXW,human,R,343,GLU,gbeta,B,292,PHE,292,PHE,10.628,10.682,none
9PXW,human,R,344,ASN,gbeta,B,312,ASP,312,ASP,7.858,7.858,none
9PXW,human,R,345,PHE,gbeta,B,312,ASP,312,ASP,12.707,13.642,none
9PXW,human,R,346,LYS,gbeta,B,292,PHE,292,PHE,14.132,14.442,none
9PXW,human,R,347,ARG,gbeta,B,309,ALA,309,ALA,9.322,9.322,none
9PXW,human,R,348,CYS,gbeta,B,292,PHE,309,ALA,13.325,13.613,none
9PXW,human,R,349,PHE,gbeta,B,292,PHE,292,PHE,16.134,18.03,none
9PXW,human,R,350,ARG,gbeta,B,268,ASN,268,ASN,13.837,14.691,none
9PXW,human,R,351,GLU,gbeta,B,268,ASN,268,ASN,12.371,12.371,none
9PXW,human,R,352,PHE,gbeta,B,268,ASN,268,ASN,14.903,17.018,none
9PXW,human,R,353,CYS,gbeta,B,268,ASN,268,ASN,16.544,17.771,none
9PXW,human,R,354,ILE,gbeta,B,268,ASN,268,ASN,13.285,13.285,none
